image_width: 1280
image_height: 720
camera_name: arducam_16mm
camera_matrix:
  rows: 3
  cols: 3
  data: [2819.484130648224, 0.0, 670.5988366597148, 0.0, 2821.8425707081697, 319.57056294940105,
    0.0, 0.0, 1.0]
distortion_model: rational_polynomial
distortion_coefficients:
  rows: 1
  cols: 8
  data: [-12.221935275274294, 10.630338861050955, -0.00027201435827934136, -0.0006083213344218836,
    0.5518989319308432, -12.019795940328882, 8.320492676938064, 0.3547493868142829]
rectification_matrix:
  rows: 3
  cols: 3
  data: [1.0, 0.0, 0.0, 0.0, 1.0, 0.0, 0.0, 0.0, 1.0]
projection_matrix:
  rows: 3
  cols: 4
  data: [2819.484130648224,    0.0, 670.5988366597148, 0.0,
           0.0, 2821.8425707081697, 319.57056294940105, 0.0,
           0.0,    0.0,   1.0, 0.0]
