image_width: 1280
image_height: 720
camera_name: arducam_8mm
camera_matrix:
  rows: 3
  cols: 3
  data: [5555.868872691064, 0.0, 618.1420960633011, 0.0, 10482.522175846752, 374.916437846068,
    0.0, 0.0, 1.0]
distortion_model: rational_polynomial
distortion_coefficients:
  rows: 1
  cols: 8
  data: [-4.691648863094104, -214.27070969773766, -0.005197517632429052, 0.09165030763320071,
    -0.9520591013404598, -6.07867853199251, -111.13175667568233, 0.7478249838539154]
rectification_matrix:
  rows: 3
  cols: 3
  data: [1.0, 0.0, 0.0, 0.0, 1.0, 0.0, 0.0, 0.0, 1.0]
projection_matrix:
  rows: 3
  cols: 3
  data: [5555.868872691064, 0.0, 618.1420960633011, 0.0, 10482.522175846752, 374.916437846068,
    0.0, 0.0, 1.0]
